0
50.23286711251743
52.09682474425934
53.39577708108369
53.84565083992152
53.766113323893926
56.01077274377029
55.30937193099715
54.565218029723475
54.76571797644969
55.01209223721133
53.54970337672944
54.57710105900391
56.800039772502465
55.88288274458735
56.78124252533415
56.574254993469474
57.16245620138204
56.688821393269116
57.398955246694946
56.99129736738582
57.398297196091164
57.237243559985096
57.842935174286694
57.527653553526946
57.50791486205846
57.5268827490502
57.546094233665436
57.81475048002023
57.48180277997834
57.30976108508633
58.36640960066214
58.13869084613472
57.9957914151815
57.57737077053778
57.726202805294605
58.05951141309465
58.01453020224698
57.98587915581355
58.044157715547264
58.10520813697517
