1.172260751131133
0.6965454826360853
0.5904352081379867
0.5614826641793321
0.5307247276083001
0.5199111013723712
0.513281140054388
0.4994831426537096
0.5023302596631308
0.48209276098042286
0.4888867786511999
0.4798108356192781
0.47108813107307324
0.47054244350329993
0.4706277093423411
0.46811688651005035
0.45793691380270596
0.4548407075146736
0.4605206181409911
0.45115623670845784
0.45208937282045486
0.44925518436678524
0.4454156475994975
0.4503556450305901
0.44487081424062475
0.44767229904975797
0.43922804596976106
0.4374673324705932
0.43848583050842943
0.4367224458109569
0.440071453308237
0.4370302160458612
0.42858898426805225
0.4297188643017426
0.4306729584932327
0.42761607240573524
0.4336493085757852
0.4256618127153425
0.4326875366160435
0.4234590018030458
0.4201598034556863
0.42188016394969863
0.42734255443506053
0.42137632808955433
0.4131073305759524
0.4194432176979892
0.418344903975872
0.41231404417400874
0.4160745773703007
0.409023201377521
0.42516279154516795
0.42940106888856794
0.4225166014262608
0.41230104247043875
0.41473628613602354
0.4120176751258338
0.4129927796976907
0.40443351607898187
0.4065604251740601
0.40308537624152424
0.40117980734321285
0.4005746278783371
0.3952149228362614
0.3935533979256165
0.39278517736883584
0.38604566609037333
0.39067201852211225
0.3869762856311399
0.38170186184309973
0.38948063328495164
0.3767682087098436
0.37433518344545597
0.38026897983598007
0.37372906733616235
0.37414214536180634
0.36885128511583865
0.37142907108726175
0.36847851436420026
0.3696232374225344
0.36600850783104966
0.37112060644356487
0.3651680743753029
0.3642439100102251
0.3616379470807578
0.36383173970753335
0.3648552633638452
0.35887907614261644
0.35765592372182553
0.35888614468827035
0.3637025588251687
0.3539889652300351
0.35523803139408233
0.3574030382439421
0.35635093184821126
0.3439582106588509
0.3539726806098017
0.3521770589750976
0.35055747077676463
0.35373652058428734
0.3486887652225095
0.3462543225860948
0.34752064690067264
0.34830187892385306
0.3511543063254192
0.35309888378446325
0.34985046356622806
0.35206646321735946
0.3421787583989463
0.34688627154662693
0.3470117187705533
0.33983192211154645
0.3422805220255711
0.3368490587901599
0.3470819715795846
0.3396636861298472
0.34345326568986395
0.3381644455082898
0.33263110138218976
0.3417678618886201
0.33704706505308013
0.33634740103201327
0.33711177136363657
0.34125593844158897
0.3379557244296144
0.3342760435392704
0.33941256500817285
0.3359625714973276
0.3353571105619957
0.3345201302484926
0.33500295066334346
0.3391431691170913
0.32914309666074554
0.3362055419040431
0.3338456921316133
0.3313106323404265
0.3339419764250957
0.3349178620967372
0.32854757241427607
0.32516639687010807
0.329800373778261
0.3290536470087291
0.33156026268533884
0.330311791429966
0.3271038045950711
0.3275686523009991
0.32223535288730865
0.3312234669703568
0.3293660562760724
0.3322529686715803
0.32511491956088345
0.327658792654869
0.3282186942808147
0.32679963089856023
0.32902470458610894
0.3282679218817227
0.32377133312924156
0.3306499155137339
0.3255852322860304
0.3225062144874352
0.3230247739794219
0.32911332788432174
0.324126932788365
0.3295813900937001
0.32264717851806746
0.3230964408939695
0.3298419015160922
0.32470309943547976
0.32865620914644794
0.31889537523679545
0.31718467576016346
0.331715288310509
0.3221089241319689
0.3237730447074463
0.3224474645306911
0.3213454602754175
0.32650586874614207
0.33043458356792704
0.324405465256698
0.3196305919970785
0.3244615577051205
0.3244333875003119
0.3276730849237865
0.3264120035791045
0.32706882566066797
0.32719594342955227
0.3241667853934424
0.3226764662732632
0.32656756050774616
0.32288160575140873
0.3253364664286815
0.3245377941378232
0.32044821573889315
0.3235388768130335
0.3209888854343903
0.32612952784511257
0.3224528504196059
0.3241922921074435
0.32263567702376783
0.3238916332131536
0.32427600319749617
