0.3941481196218067
0.5705529855357276
0.6157772686746386
0.643480141957601
0.6517898625797696
0.6477323174476624
0.6632256779405806
0.6603392011589474
0.6730721559789445
0.6736251254876454
0.6859020657009549
0.6786267386542426
0.6715015146467421
0.6799571507506901
0.6916744232177734
0.6897471057044136
0.6879447248246935
0.6951888084411622
0.7064357664850023
0.6864431818326314
0.6910508553187052
0.7047423375977411
0.6995410905943976
0.6888891730043624
0.7012417938974168
0.6979961289299859
0.6934260739220514
0.7075007809533014
0.7043669912550184
0.7108969887097677
0.700370995203654
0.7131806148423089
0.6986931926674314
0.7109626253445943
0.7082215454843309
0.7096413691838582
0.6950100845760769
0.6918203830718994
0.6994418852859073
0.7145575231975979
0.7070516533321805
0.7216761350631714
0.7178806437386407
0.7091432213783264
0.7155184348424276
0.7070777297019959
0.7095543338192833
0.6965893122884962
0.7077779637442695
0.7174143996503618
0.7009643263287014
0.6875396105978224
0.7052947044372558
0.7108295016818577
0.7169498629040189
0.7125930865605672
0.7066196269459195
0.7183178689744737
0.7030407243304783
0.7296851966116163
0.7291479017999437
0.7149772432115343
0.7190490537219577
0.7339170455932618
0.707890788714091
0.7163970629374187
0.708758083317015
0.7216592642996046
0.7412258081965977
0.7279983970854017
0.7252318031258054
0.7282714088757832
0.7200367662641737
0.727478273709615
0.7419276727570427
0.7383526431189643
0.7137317048178778
0.7204424182573954
0.7332060972849528
0.736439401573605
0.729655001560847
0.7221643726030985
0.7333314736684163
0.7444979204071893
0.7333238045374553
0.7335893909136454
0.7293440500895182
0.7254957596460978
0.7247076829274496
0.7145711885558235
0.7142797900570763
0.7327219525973002
0.7345651785532633
0.7204326841566298
0.7332917994923062
0.7339398913913303
0.7235481527116564
0.7268582873874241
0.7254727602005004
0.7259095668792724
0.7158148421181573
0.7433939178784689
0.7327203452587128
0.7335386474927267
0.7308866096867456
0.7259979049364725
0.7210561434427897
0.7413251121838887
0.7329677873187594
0.7340948753886752
0.7284945170084636
0.7336064630084568
0.736079744497935
0.7439334101147121
0.7456021878454421
0.7347395512792799
0.7398967901865642
0.7306895825597975
0.7296492947472466
0.7324683792061276
0.7472907053099738
0.7296688649389479
0.7316129485766093
0.7286638365851508
0.73972460826238
0.737863560517629
0.7465161879857382
0.7355225152439542
0.73572832081053
0.7468821472591824
0.743228816986084
0.7387045356962416
0.7297863364219666
0.7309553272194332
0.7452600121498107
0.7389784137407939
0.7416067467795477
0.7441782103644476
0.732930432425605
0.7360815789964464
0.7378742516040802
0.7303047219912211
0.7543660826153226
0.7354516863822937
0.750227959950765
0.7475182294845581
0.7370529280768501
0.7493611799346076
0.751030957698822
0.7379757775200738
0.7454643024338616
0.748428836133745
0.7383246567514208
0.7407121751043532
0.7553987794452244
0.7345584829648336
0.7477323797014025
0.7448983973926968
0.7433401677343581
0.7440857092539469
0.7314179420471192
0.7522866368293762
0.7477466265360514
0.7404678324858348
0.7467144211133321
0.7376683844460381
0.7440660132302178
0.7498844570583767
0.7471038222312927
0.7428411218855117
0.7389724784427218
0.7526555432213677
0.7434228274557325
0.7560838196012709
0.7425058404604594
0.7533448934555054
0.7579734510845608
0.739782640669081
0.7551465498076545
0.744412018193139
0.737241984738244
0.7475343108177185
0.7452111681302388
0.750180262989468
0.748065545823839
0.7540056626001994
0.7507627381218804
0.7481226192580329
0.7489548722902933
0.7520295010672675
0.7505878660413954
0.7525719695621067
0.7470487475395202
0.7436736239327325
0.7491532405217488
0.7439587169223362
0.7522161179118686
0.7560395426220364
0.7452273223135206
0.7511549896664089
